2
Level
Josh's Test Map!
0
false
1
0 0
300 -2200
1300 -2200
2100 -2200
2900 -2200
smallbox 150 -450 0 100 0.8 1.0
smallbox 150 -450 0 100 0.8 1.0
smallbox 150 -450 0 100 0.8 1.0
smallbox 150 -450 0 100 0.8 1.0
smallbox 400 -450 0 100 0.8 1.0
smallbox 650 -450 0 100 0.8 1.0
smallbox 400 -250 0 100 0.8 1.0
custom 0 -120 3200 120 0 -1 0.8 1.0
custom 3200 -120 120 2520 0 -1 0.8 1.0
custom 0 2280 3200 120 0 -1 0.8 1.0
custom 0 960 160 480 0 -1 0.8 1.0
custom 0 680 360 280 0 -1 0.8 1.0
custom 0 280 360 160 0 -1 0.8 1.0
custom 120 1560 760 320 0 -1 0.8 1.0
custom 280 1360 600 240 0 -1 0.8 1.0
custom 480 560 160 800 0 -1 0.8 1.0
custom 760 240 240 400 0 -1 0.8 1.0
custom 560 0 600 400 0 -1 0.8 1.0
custom 1120 1840 1120 160 0 -1 0.8 1.0
custom 1240 1440 1160 280 0 -1 0.8 1.0
custom 1120 1040 280 440 0 -1 0.8 1.0
custom 2320 1040 320 440 0 -1 0.8 1.0
custom 2640 1040 440 120 0 -1 0.8 1.0
custom 1240 520 560 400 0 -1 0.8 1.0
custom 1640 120 720 520 0 -1 0.8 1.0
custom 2200 520 520 400 0 -1 0.8 1.0
custom 2520 1600 560 280 0 -1 0.8 1.0
custom 2760 1280 480 160 0 -1 0.8 1.0
custom 2960 520 240 280 0 -1 0.8 1.0
custom 2480 0 440 400 0 -1 0.8 1.0
EndLevel
Level
Second Map
0
true
1
0 0
-1800 -400
-800 -400
800 -400
1800 -400
smallbox 150 -450 0 100 0.8 1.0
smallbox 150 -450 0 100 0.8 1.0
smallbox 150 -450 0 100 0.8 1.0
smallbox 150 -450 0 100 0.8 1.0
smallbox 400 -450 0 100 0.8 1.0
smallbox 650 -450 0 100 0.8 1.0
smallbox 400 -250 0 100 0.8 1.0
custom -1600 -650 1600 120 0 -1 0.8 1.0 bottom outer
custom -1752 -655 164 727 -3 -1 0.8 1.0 left bottom outer
custom -1922 -50 200 120 0 -1 0.8 1.0 left bottom horz
custom -2042 -50 120 640 0 -1 0.8 1.0 left bottom top
custom -1922 470 1922 120 0 -1 0.8 1.0 top outer
custom -1401 -410 1240 160 0 -1 0.8 1.0 
custom -1421 -327 693 191 172 -1 0.8 1.0
custom -768 -330 606 200 8 -1 0.8 1.0
custom -1230 -250 143 123 157 -1 0.8 1.0 middle top two
custom -1145 -250 143 123 23 -1 0.8 1.0 d
custom -515 -250 143 123 157 -1 0.8 1.0
custom -430 -250 143 123 23 -1 0.8 1.0 d
custom -1234 -440 143 123 23 -1 0.8 1.0 middle bottom two
custom -1149 -440 143 123 157 -1 0.8 1.0
custom -615 -440 143 123 23 -1 0.8 1.0
custom -530 -440 143 123 157 -1 0.8 1.0
custom -1492 -300 120 358 0 -1 0.8 1.0 middle vertical
custom -1482 41 185 146 10 -1 0.8 1.0
custom -1492 -374 159 132 45 -1 0.8 1.0
custom -1417 -625 143 123 157 -1 0.8 1.0 bottom three points
custom -1332 -625 143 123 23 -1 0.8 1.0
custom -935 -625 143 123 157 -1 0.8 1.0 perfect
custom -850 -625 143 123 23 -1 0.8 1.0
custom -420 -625 143 123 157 -1 0.8 1.0
custom -335 -625 143 123 23 -1 0.8 1.0
custom -1655 -615 159 131 30 -1 0.8 1.0 corners 
custom -280 -44 280 114 0 -1 0.8 1.0 center 
custom -369 219 333 22 0 -1 0.8 1.0 top center 
custom -1100 109 700 80 0 -1 0.8 1.0 
custom -587 100 270 212 -45 -1 0.8 1.0 
custom -1200 95 170 200 -45 -1 0.8 1.0 
EndLevel